354.005213
373.708543
327.867928
339.631614
316.986296
318.042559
359.547194
327.698622
364.963323
357.067544
300.727215
336.143746
326.192398
405.702879
342.377353
370.699032
321.403931
384.336891
339.664223
381.648132
317.230092
272.263289
335.040268
333.290521
300.151310
333.008766
332.455945
369.715775
335.689500
383.769274
319.923418
396.987483
357.339808
373.058840
330.499074
344.622442
302.210567
348.285698
374.058284
403.695493
391.595586
321.168604
326.286405
333.799554
322.052563
322.366103
330.606993
342.692396
346.738267
345.995350
11035.520792
3.176134
0.611632
27.455146
125.109459
111.575203
53.110063
0.588560
256.923526
233.795436
235.269938
227.196001
232.066640
219.263706
229.359925
237.387968
218.833027
224.653414
240.505884
217.640944
219.435303
227.856808
230.638619
220.360740
220.265818
224.066982
243.500995
228.859294
225.354300
225.610702
226.243843
217.487313
222.006604
237.834464
213.686726
248.167699
222.314607
240.430560
220.030452
213.334876
215.012648
220.706423
223.726642
216.459763
217.719045
215.846236
219.147814
216.178483
211.671926
215.109146
232.320494
218.404134
218.813368
215.512737
212.671633
214.089730
230.569140
214.949822
210.890107
212.694074
216.478550
210.965266
221.238870
237.411639
228.454610
227.993060
215.861705
227.937283
213.175492
243.796054
249.140871
248.083004
250.959398
255.512135
255.044380
244.058302
254.431861
248.616812
249.514342
246.611576
256.067141
251.246614
243.276329
240.047056
255.961420
257.408248
245.787832
252.770234
247.330636
252.099413
242.083066
272.316221
227.038868
217.085625
228.462680
234.350758
234.650038
231.145130
324.187392
314.522558
279.539911
338.637363
351.204886
358.962093
310.703024
336.906708
322.672451
306.029983
264.015006
242.581825
42.373866
55.539951
59.281959
59.722414
63.939999
49.052867
59.598936
58.646465
59.431301
42.376069
60.383818
61.021228
65.508306
67.861794
78.279151
59.572103
59.807337
59.807337
59.572103
77.540236
67.861794
65.508306
42.376069
57.903640
61.021228
59.598936
59.431301
63.939999
58.646465
49.052867
59.722414
59.281959
42.373866
55.539951
111.013206
8.828462
11.174442
37.563152
211.727694
0.290321
0.292886
0.377476
6.116273
32.016112
41.848331
4.677385
4.677385
4.636163
4.677385
151.614971
167.919197
165.881360
171.223640
198.634492
209.628771
225.062667
278.087995
279.700399
287.144192
233.746522
275.882489
281.389559
270.125122
231.129502
255.943134
218.701951
232.940623
254.106438
262.452180
284.683440
223.388328
321.111825
300.318907
331.010780
276.552833
280.198245
240.817862
230.508926
211.117902
231.008470
261.569895
252.060736
260.666212
278.862629
275.476407
233.483746
219.432338
247.899349
248.490010
273.329466
243.234336
276.932035
205.644637
318.266166
179.290261
169.364139
182.811622
235.840158
137.121900
7.169955
54.508468
43.900393
0.584137
9.884530
104.680008
27.663483
4.755705
2.537265
5.825504
5.745872
4.360278
7.442507
12.045249
13.110221
7.772526
7.314909
4.324376
0.609288
0.738333
0.327810
1.658924
108.790132
354.005213
373.708543
327.867928
339.631614
316.986296
318.042559
359.547194
327.698622
364.963323
357.067544
300.727215
336.143746
326.192398
405.702879
342.377353
370.699032
321.403931
384.336891
339.664223
381.648132
317.230092
272.263289
335.040268
333.290521
300.151310
333.008766
332.455945
369.715775
335.689500
383.769274
319.923418
396.987483
357.339808
373.058840
330.499074
344.622442
302.210567
348.285698
374.058284
403.695493
391.595586
321.168604
326.286405
333.799554
322.052563
322.366103
330.606993
342.692396
346.738267
345.995350
151.614971
167.919197
165.881360
171.223640
198.634492
209.628771
225.062667
278.087995
279.700399
287.144192
233.746522
275.882489
281.389559
270.125122
231.129502
255.943134
218.701951
232.940623
254.106438
262.452180
284.683440
223.388328
321.111825
300.318907
331.010780
276.552833
280.198245
240.817862
230.508926
211.117902
231.008470
261.569895
252.060736
260.666212
278.862629
275.476407
233.483746
219.432338
247.899349
248.490010
273.329466
243.234336
276.932035
205.644637
318.266166
179.290261
169.364139
182.811622
235.840158
137.121900
7.169955
0.938128
229.359888
324.575078
296.720475
332.146020
304.029601
302.536639
269.041971
309.889749
313.022488
271.336580
296.977963
270.732336
318.451740
300.554229
295.450582
309.352361
300.125540
85.281371
305.543312
332.539778
309.016929
310.942256
312.323727
304.057984
308.309186
326.118408
307.303191
305.540249
313.457576
312.970612
314.227736
310.059474
308.075988
315.164285
301.938431
300.700779
310.980541
322.568882
304.314952
301.806998
316.384537
298.622772
319.696809
301.012453
308.454345
304.633161
8.275289
283.041165
305.722714
298.622772
319.696809
301.012453
308.454345
11.932360
6.892212
30.791259
188133.292249
522.662788
49.825187
235.778991
11035.520792
4.982520
0.810084
4.217743
40.091142
791.400661
149.501400
250.441525
0.745741
137.384730
7224.114522
0.009572
595.141382
58.733627
3.176134
0.501888
0.611632
114.903517
104.060743
179.082722
111.581401
131.489073
146.079590
61.070227
89.700475
123.894561
107.126296
103.073589
159.663800
93.726526
86.895793
101.553518
131.969945
104.805193
73.379032
108.776923
87.182822
97.498536
78.941941
140.357833
87.068339
100.433822
151.824007
93.171072
99.117583
79.395124
98.815247
100.450118
95.419022
111.366717
136.820459
107.572768
47.209437
82.192677
98.268161
110.914260
111.803489
93.387056
47.667603
37.391549
35.705110
354.005213
373.708543
327.867928
339.631614
316.986296
318.042559
359.547194
327.698622
364.963323
357.067544
300.727215
336.143746
326.192398
405.702879
342.377353
370.699032
321.403931
384.336891
339.664223
381.648132
317.230092
272.263289
335.040268
333.290521
300.151310
333.008766
332.455945
369.715775
335.689500
383.769274
319.923418
396.987483
357.339808
373.058840
330.499074
344.622442
302.210567
348.285698
374.058284
403.695493
391.595586
321.168604
326.286405
333.799554
322.052563
322.366103
330.606993
342.692396
346.738267
345.995350
11035.520792
3.176134
0.611632
27.455146
125.109459
111.575203
53.110063
0.588560
256.923526
233.795436
235.269938
227.196001
232.066640
219.263706
229.359925
237.387968
218.833027
224.653414
240.505884
217.640944
219.435303
227.856808
230.638619
220.360740
220.265818
224.066982
243.500995
228.859294
225.354300
225.610702
226.243843
217.487313
222.006604
237.834464
213.686726
248.167699
222.314607
240.430560
220.030452
213.334876
215.012648
220.706423
223.726642
216.459763
217.719045
215.846236
219.147814
216.178483
211.671926
215.109146
232.320494
218.404134
218.813368
215.512737
212.671633
214.089730
230.569140
214.949822
210.890107
212.694074
216.478550
210.965266
221.238870
237.411639
228.454610
227.993060
215.861705
227.937283
213.175492
243.796054
249.140871
248.083004
250.959398
255.512135
255.044380
244.058302
254.431861
248.616812
249.514342
246.611576
256.067141
251.246614
243.276329
240.047056
255.961420
257.408248
245.787832
252.770234
247.330636
252.099413
242.083066
272.316221
227.038868
217.085625
228.462680
234.350758
234.650038
231.145130
324.187392
314.522558
279.539911
338.637363
351.204886
358.962093
310.703024
336.906708
322.672451
306.029983
264.015006
242.581825
42.373866
55.539951
59.281959
59.722414
63.939999
49.052867
59.598936
58.646465
59.431301
42.376069
60.383818
61.021228
65.508306
67.861794
78.279151
59.572103
59.807337
59.807337
59.572103
77.540236
67.861794
65.508306
42.376069
57.903640
61.021228
59.598936
59.431301
63.939999
58.646465
49.052867
59.722414
59.281959
42.373866
55.539951
111.013206
8.828462
11.174442
37.563152
211.727694
0.290321
0.292886
0.377476
6.116273
32.016112
41.848331
4.677385
4.677385
4.636163
4.677385
151.614971
167.919197
165.881360
171.223640
198.634492
209.628771
225.062667
278.087995
279.700399
287.144192
233.746522
275.882489
281.389559
270.125122
231.129502
255.943134
218.701951
232.940623
254.106438
262.452180
284.683440
223.388328
321.111825
300.318907
331.010780
276.552833
280.198245
240.817862
230.508926
211.117902
231.008470
261.569895
252.060736
260.666212
278.862629
275.476407
233.483746
219.432338
247.899349
248.490010
273.329466
243.234336
276.932035
205.644637
318.266166
179.290261
169.364139
182.811622
235.840158
137.121900
7.169955
54.508468
43.900393
0.584137
9.884530
104.680008
27.663483
4.755705
2.537265
5.825504
5.745872
4.360278
7.442507
12.045249
13.110221
7.772526
7.314909
4.324376
0.609288
0.738333
0.327810
1.658924
108.790132
354.005213
373.708543
327.867928
339.631614
316.986296
318.042559
359.547194
327.698622
364.963323
357.067544
300.727215
336.143746
326.192398
405.702879
342.377353
370.699032
321.403931
384.336891
339.664223
381.648132
317.230092
272.263289
335.040268
333.290521
300.151310
333.008766
332.455945
369.715775
335.689500
383.769274
319.923418
396.987483
357.339808
373.058840
330.499074
344.622442
302.210567
348.285698
374.058284
403.695493
391.595586
321.168604
326.286405
333.799554
322.052563
322.366103
330.606993
342.692396
346.738267
345.995350
151.614971
167.919197
165.881360
171.223640
198.634492
209.628771
225.062667
278.087995
279.700399
287.144192
233.746522
275.882489
281.389559
270.125122
231.129502
255.943134
218.701951
232.940623
254.106438
262.452180
284.683440
223.388328
321.111825
300.318907
331.010780
276.552833
280.198245
240.817862
230.508926
211.117902
231.008470
261.569895
252.060736
260.666212
278.862629
275.476407
233.483746
219.432338
247.899349
248.490010
273.329466
243.234336
276.932035
205.644637
318.266166
179.290261
169.364139
182.811622
235.840158
137.121900
7.169955
0.938128
229.359888
324.575078
296.720475
332.146020
304.029601
302.536639
269.041971
309.889749
313.022488
271.336580
296.977963
270.732336
318.451740
300.554229
295.450582
309.352361
300.125540
85.281371
305.543312
332.539778
309.016929
310.942256
312.323727
304.057984
308.309186
326.118408
307.303191
305.540249
313.457576
312.970612
314.227736
310.059474
308.075988
315.164285
301.938431
300.700779
310.980541
322.568882
304.314952
301.806998
316.384537
298.622772
319.696809
301.012453
308.454345
304.633161
8.275289
283.041165
305.722714
298.622772
319.696809
301.012453
308.454345
11.932360
6.892212
30.791259
188133.292249
522.662788
49.825187
235.778991
11035.520792
4.982520
0.810084
4.217743
40.091142
791.400661
149.501400
250.441525
0.745741
137.384730
7224.114522
0.009572
595.141382
58.733627
3.176134
0.501888
0.611632
114.903517
104.060743
179.082722
111.581401
131.489073
146.079590
61.070227
89.700475
123.894561
107.126296
103.073589
159.663800
93.726526
86.895793
101.553518
131.969945
104.805193
73.379032
108.776923
87.182822
97.498536
78.941941
140.357833
87.068339
100.433822
151.824007
93.171072
99.117583
79.395124
98.815247
100.450118
95.419022
111.366717
136.820459
107.572768
47.209437
82.192677
98.268161
110.914260
111.803489
93.387056
47.667603
37.391549
35.705110
39.931690
121.428702
73.310695
51.433346
8.126089
11.366728
27.455146
7.232047
7.429252
116.992612
0.449710
0.341186
0.595863
0.353756
0.842259
0.520756
1.079178
1.118534
0.242675
160.598594
120.014980
125.109459
181.009702
108.329514
126.565040
187.762207
126.742377
129.751014
128.654946
82.354596
1.213483
101.987896
7.601070
10.095014
6.948382
8.333459
5.830919
1795.377726
8.288725
16.186533
123.143906
0.736286
3.179593
111.575203
39.832578
24.149773
32.715640
276.183843
209.591070
127.225642
122.294215
240.330531
115.247743
173.753593
209.844859
131.356105
166.112181
220.977333
372.275730
9.075395
4.266719
274.432412
6.257462
1.492382
18.909953
10.188533
407.163734
420.081371
428.140259
405.694921
422.167196
399.432147
389.662390
397.349711
374.470247
415.824253
403.899442
390.052091
398.338332
393.975260
439.146883
383.148213
390.589296
384.472192
410.660029
416.980733
418.627678
379.296678
388.308625
372.098466
402.800817
369.313920
438.589814
352.833696
407.579512
398.643976
394.000478
465.547610
385.090902
426.897664
406.804830
430.895575
426.367584
412.378912
421.696005
412.746363
374.680182
392.736289
390.818688
455.797817
424.565197
454.064566
429.930756
372.709246
431.405297
439.851335
4.566546
0.382589
0.997967
294.867255
63.905306
55.747113
48.723432
55.895206
48.397489
60.312279
56.496083
64.413164
54.351128
66.908586
66.783916
58.184731
57.492098
56.117847
65.450020
59.532477
54.480043
52.749887
55.895206
56.030775
61.431193
55.937759
58.949761
58.834955
58.335666
56.980462
54.207063
54.873962
56.116617
56.081321
56.946630
55.956864
65.411141
59.411608
60.125385
55.845586
47.624434
46.168110
45.689215
47.820255
47.398965
49.507932
60.372779
43.221311
45.083869
43.221311
49.245024
45.220750
47.024755
46.973396
45.610212
48.727597
44.112216
56.632429
46.811241
60.737169
60.126147
49.645523
54.508468
43.900393
47.191906
51.204173
44.327772
41.085498
44.095775
45.220750
56.077311
53.050235
4.567646
0.547569
4.453862
57.238585
52.968521
58.065551
47.153971
45.220750
50.763962
43.221311
25.076094
5.665574
49.744451
49.445005
51.089259
56.648399
54.106010
52.895748
49.329292
49.643356
55.889913
56.014660
55.822010
56.309930
55.793434
48.656149
43.221311
47.018297
53.307680
53.303846
54.924119
60.408272
55.636536
58.032479
58.025817
53.438424
43.221311
60.310525
62.078020
61.367626
60.691873
43.221311
52.974221
56.244172
43.221311
58.701448
58.697902
57.406997
52.027712
53.110063
45.220750
57.895884
45.220750
45.220750
63.655940
67.830579
67.770284
52.540559
66.784041
51.920456
38.988174
51.920456
52.258259
57.340671
51.084210
52.343267
55.560587
55.236250
59.091115
69.404236
51.597298
51.535068
52.058203
45.944259
57.496895
44.389082
65.131196
59.152694
26.275776
17.146979
19.147726
24.104206
47.736606
9.578361
139.562212
0.747371
0.619276
0.573080
0.646207
0.630025
0.644164
0.803997
0.679496
0.640223
0.584137
0.559602
0.697616
0.496940
0.662394
0.580063
0.588560
0.531250
0.549817
0.516347
0.681028
0.694542
0.663749
0.692181
0.656970
0.496536
0.656616
0.587350
1.418823
1.629651
215.291020
27.181187
8.072246
3.806780
7.566639
16.198641
10.654428
7.499501
18.295310
0.735566
45.489564
8.386911
8.044557
0.952785
44.060586
8.907523
7.840356
53.650555
53.650541
0.530662
261.752666
0.471364
0.469502
0.355817
0.250345
3.586046
9.354920
265.803213
252.322334
261.016034
301.068630
263.062670
285.904656
248.214951
265.973882
294.517166
310.492431
289.885133
254.793427
305.970034
269.594128
273.510410
251.333779
264.622911
256.411513
280.593453
270.508296
261.159862
267.351025
328.262023
307.482880
298.312623
317.569319
294.973920
301.356553
304.950369
308.165456
295.840024
321.735660
255.376549
310.011874
306.461064
289.863054
307.175442
322.688228
285.756649
297.703917
313.503788
318.029498
312.359135
259.149269
268.592212
312.212894
323.294810
318.999399
6.455550
281.104595
260.474174
276.148811
253.415182
245.239925
275.541156
257.035494
230.577168
298.762832
270.478980
181.812193
246.284541
256.923526
233.795436
235.269938
227.196001
232.066640
219.263706
229.359925
237.387968
218.833027
182.173397
224.653414
240.505884
217.640944
219.435303
227.856808
230.638619
220.360740
220.265818
224.066982
243.500995
182.496142
228.859294
225.354300
225.610702
226.243843
217.487313
222.006604
237.834464
213.686726
248.167699
222.314607
183.214164
240.430560
188.708335
180.135504
183.137552
188.908178
194.653525
189.549743
192.710398
184.443778
220.030452
213.334876
215.012648
220.706423
223.726642
216.459763
217.719045
215.846236
219.147814
189.494180
216.178483
211.671926
215.109146
232.320494
218.404134
218.813368
215.512737
212.671633
214.089730
230.569140
189.050688
214.949822
210.890107
212.694074
216.478550
210.965266
221.238870
237.411639
228.454610
227.993060
215.861705
186.337382
227.937283
213.175492
243.796054
249.140871
248.083004
250.959398
255.512135
255.044380
244.058302
254.431861
201.652668
248.616812
249.514342
246.611576
256.067141
251.246614
243.276329
240.047056
255.961420
257.408248
245.787832
184.631370
252.770234
247.330636
252.099413
242.083066
272.316221
227.038868
217.085625
228.462680
234.350758
234.650038
178.936473
231.145130
324.187392
314.522558
279.539911
338.637363
351.204886
358.962093
310.703024
336.906708
322.672451
200.172396
306.029983
245.794541
251.029664
280.074420
259.220475
244.960303
266.904210
241.977520
245.286851
242.791380
193.115290
264.015006
292.363918
322.126395
2.708561
242.581825
0.640812
10.030238
15.366022
36.924121
82.734475
138.646873
23.379235
8.956471
16.895542
2.114700
6.313694
8.495959
9.884530
0.917461
0.395000
0.363988
0.284194
0.346252
105.574126
151.783135
69.365952
119.341846
116.379958
85.337088
130.857686
62.511346
39.044706
65.957864
79.303657
49.905781
65.327518
75.144203
91.585056
197.851503
42.373866
55.539951
95.461216
59.281959
83.242792
59.722414
63.939999
49.052867
59.598936
58.646465
42.116874
77.023409
59.431301
42.376069
60.383818
61.021228
65.508306
67.861794
78.279151
59.572103
59.807337
59.807337
59.572103
77.540236
67.861794
65.508306
42.376069
57.903640
77.023409
61.021228
59.598936
110.329816
59.431301
63.939999
58.646465
83.242792
49.052867
64.450495
59.722414
102.411435
59.281959
42.373866
55.539951
45.266161
36.136022
36.136022
45.266161
102.411425
92.391179
111.013206
283.674180
16.467343
508.725085
368.831969
133.861618
298.043423
234.575906
207.191307
236.759348
219.813619
304.796854
133.850674
89.127461
14.025912
21.956973
5.444636
16.361621
11.810367
18.016796
18.238014
15.142845
221.045901
8.828462
11.174442
1384.504865
114.662105
2.432017
27.711075
27.716404
27.721060
7.981391
9.441214
1.440457
1.440457
37.563152
305.744049
7.119322
53.151290
7.119322
87.608661
160.598594
78.392387
16.467343
16.139066
13.541975
18.550648
3.864173
3.238309
124.232649
51.117452
45.267511
16.299485
16.927434
5.856683
249.737239
100.150205
30.730061
14.995793
14.931730
179.922007
28.558745
2.608617
3.219807
101.882398
169.124192
88.504629
5.856683
8.385107
21.508645
3.099787
3.210473
3.210473
6.788301
11.851649
10.857035
659.375637
12.118910
167.425458
248.586698
0.323960
5.099759
211.727694
234.970325
5.099759
1.015649
0.155227
0.123567
0.290321
0.209865
0.128442
0.082249
0.085743
0.292886
0.377476
1.709800
0.858777
0.551671
403.985447
49.824772
271.366476
234.970325
18.798000
6.116273
49.895134
271.366244
1.822653
309.872222
203.497539
2.698630
309.872222
320.699893
234.970325
231.647906
25.335069
276.069304
37.882936
36.448844
32.016112
27.062225
40.251442
41.848331
0.170055
4.677385
4.677385
4.101882
4.636163
4.128817
4.677385
12.279048
26.089470
48.024305
70.213861
64.973370
65.338358
62.798989
40.324482
355.978371
62.798989
112.739775
130.270813
152.604014
67.739300
26.089470
85.389134
13.145363
43.575291
70.213895
64.973343
65.338379
62.798989
40.324477
1.406424
166.273330
0.099373
0.090773
0.948264
24.142035
24.780338
24.504761
24.504661
23.600356
17.372159
21.139217
26.272693
108.790132
0.938128
324.575078
296.720475
332.146020
304.029601
302.536639
269.041971
309.889749
313.022488
271.336580
296.977963
270.732336
318.451740
300.554229
295.450582
309.352361
300.125540
85.281371
305.543312
332.539778
309.016929
310.942256
312.323727
304.057984
308.309186
326.118408
307.303191
305.540249
313.457576
312.970612
314.227736
310.059474
308.075988
315.164285
301.938431
300.700779
310.980541
322.568882
304.314952
301.806998
316.384537
298.622772
319.696809
301.012453
308.454345
304.633161
283.041165
305.722714
298.622772
319.696809
301.012453
308.454345
11.932360
188133.292249
8.126089
10.095014
6.948382
8.333459
173.753593
58.949761
58.834955
58.335666
56.980462
54.207063
54.873962
56.116617
56.081321
56.946630
55.956864
65.411141
59.411608
60.125385
46.811241
60.737169
60.126147
53.307680
53.303846
54.924119
60.408272
55.636536
58.032479
55.560587
59.091115
69.404236
9.578361
1.418823
1.629651
27.181187
7.499501
3.586046
16.467343
16.467343
2.608617
3.219807
0.170055
9.354920
5.745872
4.360278
129.751014
47.191906
47.153971
0.496536
0.082249
0.085743
55.895206
55.895206
48.723432
47.624434
46.168110
45.689215
47.820255
47.398965
49.507932
44.327772
49.744451
49.445005
51.089259
56.648399
54.106010
52.895748
49.329292
49.643356
55.889913
56.014660
55.822010
48.656149
47.018297
51.084210
26.275776
24.104206
0.917461
0.948264
407.163734
420.081371
428.140259
405.694921
422.167196
399.432147
389.662390
397.349711
374.470247
415.824253
403.899442
390.052091
398.338332
393.975260
439.146883
383.148213
390.589296
384.472192
410.660029
416.980733
418.627678
379.296678
388.308625
372.098466
402.800817
369.313920
438.589814
352.833696
407.579512
398.643976
394.000478
465.547610
385.090902
426.897664
406.804830
430.895575
426.367584
412.378912
421.696005
412.746363
374.680182
392.736289
390.818688
455.797817
424.565197
454.064566
429.930756
372.709246
431.405297
439.851335
0.587350
6.313694
0.128442
231.647906
4.566546
5.665574
116.379958
55.747113
54.351128
58.184731
57.492098
59.532477
54.480043
56.030775
57.895884
57.340671
52.343267
55.236250
51.597298
51.535068
52.058203
0.663749
78.392387
248.586698
51.204173
48.397489
43.221311
43.221311
49.245024
45.220750
45.220750
53.050235
52.968521
45.220750
50.763962
43.221311
43.221311
43.221311
43.221311
52.974221
43.221311
45.220750
45.220750
45.220750
47.736606
2.708561
0.382589
55.845586
0.997967
294.867255
56.117847
49.645523
44.095775
56.077311
4.567646
0.547569
4.453862
57.238585
58.065551
69.365952
79.303657
75.144203
91.585056
12.118910
6.257462
60.372779
4.755705
2.537265
5.825504
0.327810
522.662788
1.079178
1.118534
127.225642
122.294215
0.559602
0.549817
0.469502
0.323960
1.709800
203.497539
26.089470
67.739300
26.089470
0.009572
0.449710
0.341186
0.353756
0.520756
0.242675
120.014980
115.247743
131.356105
166.112181
220.977333
372.275730
0.747371
0.619276
0.573080
1.440457
1.440457
100.150205
659.375637
234.970325
0.155227
0.123567
0.209865
0.551671
271.366476
234.970325
271.366244
234.970325
12.279048
48.024305
70.213861
64.973370
65.338358
62.798989
40.324482
355.978371
62.798989
112.739775
130.270813
85.389134
43.575291
70.213895
64.973343
65.338379
62.798989
40.324477
1.406424
0.099373
0.595863
0.842259
240.330531
0.646207
0.630025
0.644164
0.803997
0.679496
1.015649
320.699893
0.090773
7.442507
12.045249
13.110221
7.772526
7.314909
4.324376
0.738333
229.359888
49.825187
235.778991
4.982520
4.217743
40.091142
791.400661
149.501400
250.441525
0.745741
137.384730
7224.114522
595.141382
0.501888
116.992612
160.598594
1795.377726
39.832578
32.715640
209.591070
209.844859
1.492382
18.909953
44.389082
0.640223
0.697616
0.496940
0.580063
0.531250
0.516347
0.694542
0.692181
0.656970
0.656616
7.566639
16.198641
10.654428
7.840356
53.650555
53.650541
181.812193
182.173397
182.496142
183.214164
188.708335
180.135504
183.137552
188.908178
194.653525
189.549743
192.710398
184.443778
189.494180
189.050688
186.337382
201.652668
184.631370
178.936473
200.172396
193.115290
36.924121
82.734475
23.379235
8.956471
105.574126
119.341846
65.327518
95.461216
83.242792
77.023409
77.023409
110.329816
83.242792
64.450495
102.411435
102.411425
92.391179
368.831969
133.861618
234.575906
207.191307
236.759348
219.813619
304.796854
133.850674
89.127461
14.025912
21.956973
5.444636
16.361621
18.016796
18.238014
15.142845
1384.504865
2.432017
27.711075
27.716404
27.721060
7.981391
9.441214
305.744049
7.119322
53.151290
7.119322
87.608661
160.598594
16.139066
13.541975
18.550648
51.117452
16.299485
16.927434
5.856683
30.730061
14.995793
14.931730
179.922007
101.882398
169.124192
88.504629
5.856683
8.385107
3.099787
3.210473
3.210473
6.788301
11.851649
10.857035
167.425458
49.824772
18.798000
49.895134
2.698630
25.335069
36.448844
40.251442
4.101882
4.128817
152.604014
24.142035
24.504761
24.504661
23.600356
17.372159
21.139217
26.272693
104.680008
114.903517
179.082722
111.581401
131.489073
146.079590
89.700475
123.894561
103.073589
159.663800
86.895793
101.553518
131.969945
104.805193
73.379032
108.776923
97.498536
78.941941
140.357833
87.068339
99.117583
79.395124
100.450118
95.419022
111.366717
136.820459
47.209437
82.192677
98.268161
110.914260
93.387056
47.667603
37.391549
121.428702
73.310695
51.433346
139.562212
61.070227
39.931690
104.060743
107.126296
98.815247
107.572768
111.803489
93.726526
87.182822
100.433822
93.171072
35.705110
8.072246
1.658924
8.275289
7.601070
8.288725
56.496083
55.937759
45.083869
47.024755
46.973396
45.610212
48.727597
44.112216
56.632429
41.085498
56.309930
55.793434
18.295310
0.735566
8.386911
8.044557
0.530662
0.640812
85.337088
65.957864
166.273330
27.663483
6.892212
30.791259
0.810084
58.733627
151.824007
11.366728
7.232047
7.429252
181.009702
108.329514
126.565040
187.762207
126.742377
128.654946
82.354596
1.213483
5.830919
16.186533
123.143906
0.736286
276.183843
9.075395
274.432412
63.905306
60.312279
64.413164
66.908586
65.450020
52.749887
61.431193
58.025817
53.438424
63.655940
67.830579
67.770284
52.540559
52.258259
45.944259
57.496895
65.131196
59.152694
17.146979
0.662394
0.681028
215.291020
45.489564
44.060586
261.752666
0.250345
245.794541
251.029664
280.074420
259.220475
244.960303
266.904210
241.977520
245.286851
242.791380
322.126395
10.030238
15.366022
138.646873
16.895542
2.114700
8.495959
151.783135
130.857686
62.511346
39.044706
49.905781
197.851503
42.116874
283.674180
298.043423
11.810367
114.662105
3.864173
3.238309
124.232649
249.737239
21.508645
5.099759
5.099759
0.858777
403.985447
309.872222
276.069304
37.882936
27.062225
13.145363
24.780338
0.609288
10.188533
60.310525
62.078020
61.367626
60.691873
56.244172
58.701448
58.697902
57.406997
52.027712
0.952785
101.987896
24.149773
3.806780
281.104595
260.474174
276.148811
253.415182
245.239925
275.541156
257.035494
230.577168
298.762832
270.478980
246.284541
0.395000
0.363988
0.284194
0.346252
45.266161
36.136022
36.136022
45.266161
508.725085
221.045901
45.267511
28.558745
309.872222
3.179593
8.907523
0.471364
0.355817
292.363918
1.822653
265.803213
252.322334
261.016034
301.068630
263.062670
285.904656
248.214951
265.973882
294.517166
310.492431
289.885133
254.793427
305.970034
269.594128
273.510410
251.333779
264.622911
256.411513
280.593453
270.508296
261.159862
267.351025
328.262023
307.482880
298.312623
317.569319
294.973920
301.356553
304.950369
308.165456
295.840024
321.735660
255.376549
310.011874
306.461064
289.863054
307.175442
322.688228
285.756649
297.703917
313.503788
318.029498
312.359135
259.149269
268.592212
312.212894
323.294810
318.999399
66.783916
66.784041
51.920456
38.988174
51.920456
6.455550
4.266719
25.076094
19.147726
